ID	Pe	Time	Y
1	1	1	15.9946719
2	2	1	10.9056719
3	3	1	9.7746719
4	4	1	10.0026719
5	5	1	9.0596719
6	6	1	13.9343386
7	7	1	10.4703386
8	8	1	10.1716719
9	9	1	14.6706719
10	10	1	12.0353386
11	11	1	11.7393386
12	12	1	14.1206719
13	13	1	10.4366719
14	14	1	14.6373386
15	15	1	9.1855052
16	16	1	10.4506719
17	17	1	18.1073386
18	18	1	9.1830052
19	19	1	8.9443386
20	20	1	13.8286719
21	21	1	15.9700052
22	22	1	15.9676719
23	23	1	16.9920052
24	24	1	14.3186719
25	25	1	18.3496719
26	26	1	11.4903386
27	27	1	10.0900052
28	28	1	10.0185052
29	29	1	17.5738386
30	30	1	16.5423386
31	31	1	9.7710052
32	32	1	9.6860052
33	33	1	18.1043386
34	34	1	11.7060052
35	35	1	11.7980052
36	36	1	13.1545052
37	37	1	11.6955052
38	38	1	15.6363386
39	39	1	8.2453386
40	40	1	12.4600052
41	41	1	12.5175052
42	42	1	15.5136719
43	43	1	17.1370052
44	44	1	12.8050052
45	45	1	17.0766719
46	46	1	13.0678386
47	47	1	12.1960052
48	48	1	17.3616719
49	49	1	13.3221719
50	50	1	12.3043386
51	51	1	13.0863386
52	52	1	16.8983386
53	53	1	16.7523386
54	54	1	14.5868386
55	55	1	16.4803386
56	56	1	11.9610052
57	57	1	18.7356719
58	58	1	11.6550052
59	59	1	12.5003386
60	60	1	14.7343386
61	61	1	10.8293386
62	62	1	13.0806719
63	63	1	12.0301719
64	64	1	16.1386719
65	65	1	15.9396719
66	66	1	16.2720052
67	67	1	8.2923386
68	68	1	8.3563386
69	69	1	16.4703386
70	70	1	16.5350052
71	71	1	13.9706719
72	72	1	12.3916719
73	73	1	13.4076719
74	74	1	19.5203386
75	75	1	13.4665052
76	76	1	11.6046719
77	77	1	15.4323386
78	78	1	10.5211719
79	79	1	10.8906719
80	80	1	10.3190052
81	81	1	19.2678386
82	82	1	11.1138386
83	83	1	16.9550052
84	84	1	11.4996719
85	85	1	10.0116719
86	86	1	10.4188386
87	87	1	14.3376719
88	88	1	9.8691719
89	89	1	9.5316719
1	1	2	21.0571779
2	2	2	14.3581779
3	3	2	11.9348445
4	4	2	13.0091779
5	5	2	10.9835112
6	6	2	17.2421779
7	7	2	12.6518445
8	8	2	13.5791779
9	9	2	18.2558445
10	10	2	14.4151779
11	11	2	15.2048445
12	12	2	18.1726779
13	13	2	13.1541779
14	14	2	17.6591779
15	15	2	11.9588445
16	16	2	13.1798445
17	17	2	22.6428445
18	18	2	11.1065112
19	19	2	11.8671779
20	20	2	16.7875112
21	21	2	19.6685112
22	22	2	19.5850112
23	23	2	19.4208445
24	24	2	18.3073445
25	25	2	21.2911779
26	26	2	15.9048445
27	27	2	13.5041779
28	28	2	12.0095112
29	29	2	20.8633445
30	30	2	19.8041779
31	31	2	11.6995112
32	32	2	12.0731779
33	33	2	23.7555112
34	34	2	14.1661779
35	35	2	14.0531779
36	36	2	16.3646779
37	37	2	13.9111779
38	38	2	19.3728445
39	39	2	9.9265112
40	40	2	15.3460112
41	41	2	15.4705112
42	42	2	19.3761779
43	43	2	22.1795112
44	44	2	16.3231779
45	45	2	20.1738445
46	46	2	15.0873445
47	47	2	16.8711779
48	48	2	22.1368445
49	49	2	17.4665112
50	50	2	14.5345112
51	51	2	15.0598445
52	52	2	19.0831779
53	53	2	19.3351779
54	54	2	17.5325112
55	55	2	20.9781779
56	56	2	14.0171779
57	57	2	21.2175112
58	58	2	16.6788445
59	59	2	14.6218445
60	60	2	16.6128445
61	61	2	12.8335112
62	62	2	14.7203445
63	63	2	14.4400112
64	64	2	20.9505112
65	65	2	22.0445112
66	66	2	20.4401779
67	67	2	11.1070112
68	68	2	10.8065112
69	69	2	22.0371779
70	70	2	20.8938445
71	71	2	16.7308445
72	72	2	13.6748445
73	73	2	16.6608445
74	74	2	24.9725112
75	75	2	16.9670112
76	76	2	14.1581779
77	77	2	20.7175112
78	78	2	12.8811779
79	79	2	13.3555112
80	80	2	13.1135112
81	81	2	23.3131779
82	82	2	13.5633445
83	83	2	20.7615112
84	84	2	14.7495112
85	85	2	12.7818445
86	86	2	13.5411779
87	87	2	16.8501779
88	88	2	13.5341779
89	89	2	11.5121779
1	1	3	25.3539051
2	2	3	18.8842384
3	3	3	16.1072384
4	4	3	16.4905718
5	5	3	14.6812384
6	6	3	21.9619051
7	7	3	17.4295718
8	8	3	17.7914051
9	9	3	23.4384051
10	10	3	18.1449051
11	11	3	20.5139051
12	12	3	23.6395718
13	13	3	17.9802384
14	14	3	24.0222384
15	15	3	16.1569051
16	16	3	17.1482384
17	17	3	30.3192384
18	18	3	14.2702384
19	19	3	16.0942384
20	20	3	21.0695718
21	21	3	26.6219051
22	22	3	24.3307384
23	23	3	24.6279051
24	24	3	23.5324051
25	25	3	25.5717384
26	26	3	20.7789051
27	27	3	18.1964051
28	28	3	15.7170718
29	29	3	26.4544051
30	30	3	26.7305718
31	31	3	15.4372384
32	32	3	17.0282384
33	33	3	29.3832384
34	34	3	18.8295718
35	35	3	18.8979051
36	36	3	21.3184051
37	37	3	18.6527384
38	38	3	25.7982384
39	39	3	14.2895718
40	40	3	19.5915718
41	41	3	22.4942384
42	42	3	24.1142384
43	43	3	26.8382384
44	44	3	21.0667384
45	45	3	26.9055718
46	46	3	20.4382384
47	47	3	22.2499051
48	48	3	26.9484051
49	49	3	21.7455718
50	50	3	20.0442384
51	51	3	19.8035718
52	52	3	24.3012384
53	53	3	24.8375718
54	54	3	22.7070718
55	55	3	26.1422384
56	56	3	19.3809051
57	57	3	26.0775718
58	58	3	22.4149051
59	59	3	19.3635718
60	60	3	21.2919051
61	61	3	16.4752384
62	62	3	19.0222384
63	63	3	19.1274051
64	64	3	26.8852384
65	65	3	28.2732384
66	66	3	25.5412384
67	67	3	15.9164051
68	68	3	14.5432384
69	69	3	26.4009051
70	70	3	25.7799051
71	71	3	20.6629051
72	72	3	17.7115718
73	73	3	22.3115718
74	74	3	32.7125718
75	75	3	23.0287384
76	76	3	17.3879051
77	77	3	25.6955718
78	78	3	15.8740718
79	79	3	18.3492384
80	80	3	18.1532384
81	81	3	27.5692384
82	82	3	17.0829051
83	83	3	26.2859051
84	84	3	19.4965718
85	85	3	17.3232384
86	86	3	18.6697384
87	87	3	22.4602384
88	88	3	17.7365718
89	89	3	15.5575718
1	1	4	32.5261688
2	2	4	22.7018355
3	3	4	19.6795021
4	4	4	19.7538355
5	5	4	19.1311688
6	6	4	27.0261688
7	7	4	20.7658355
8	8	4	23.1595021
9	9	4	29.2053355
10	10	4	22.6808355
11	11	4	23.6861688
12	12	4	30.6025021
13	13	4	22.7128355
14	14	4	30.4248355
15	15	4	18.9261688
16	16	4	20.9995021
17	17	4	35.2661688
18	18	4	17.5091688
19	19	4	19.1308355
20	20	4	26.5185021
21	21	4	34.2025021
22	22	4	31.0096688
23	23	4	31.7978355
24	24	4	28.2350021
25	25	4	30.8060021
26	26	4	25.2095021
27	27	4	21.3481688
28	28	4	19.4056688
29	29	4	33.1570021
30	30	4	36.1408355
31	31	4	19.6465021
32	32	4	22.2365021
33	33	4	36.7421688
34	34	4	22.6181688
35	35	4	24.3688355
36	36	4	27.3761688
37	37	4	24.1708355
38	38	4	32.6188355
39	39	4	17.6695021
40	40	4	25.1195021
41	41	4	26.8821688
42	42	4	32.0348355
43	43	4	34.2131688
44	44	4	26.2506688
45	45	4	31.1425021
46	46	4	25.3761688
47	47	4	27.6138355
48	48	4	33.9298355
49	49	4	27.2401688
50	50	4	24.4858355
51	51	4	25.8441688
52	52	4	31.8755021
53	53	4	32.5518355
54	54	4	28.8488355
55	55	4	32.0098355
56	56	4	25.1021688
57	57	4	30.8898355
58	58	4	26.7185021
59	59	4	23.9461688
60	60	4	27.4888355
61	61	4	22.3481688
62	62	4	24.4838355
63	63	4	24.9550021
64	64	4	32.5891688
65	65	4	35.4535021
66	66	4	32.1771688
67	67	4	19.2258355
68	68	4	18.4878355
69	69	4	32.2795021
70	70	4	33.1955021
71	71	4	24.8021688
72	72	4	22.8885021
73	73	4	26.2918355
74	74	4	39.5545021
75	75	4	29.8248355
76	76	4	22.4181688
77	77	4	32.0155021
78	78	4	20.3765021
79	79	4	22.8396688
80	80	4	23.6388355
81	81	4	28.4705021
82	82	4	22.3528355
83	83	4	33.0948355
84	84	4	24.7251688
85	85	4	21.0285021
86	86	4	23.0273355
87	87	4	26.1335021
88	88	4	21.5010021
89	89	4	20.4468355
1	1	5	44.1711268
2	2	5	28.3604602
3	3	5	25.6764602
4	4	5	25.9137935
5	5	5	24.3297935
6	6	5	33.0894602
7	7	5	24.3591268
8	8	5	28.1609602
9	9	5	36.9667935
10	10	5	29.5271268
11	11	5	29.1057935
12	12	5	38.0139602
13	13	5	27.4324602
14	14	5	38.1791268
15	15	5	23.2934602
16	16	5	28.2721268
17	17	5	44.8774602
18	18	5	23.0567935
19	19	5	23.1797935
20	20	5	32.0907935
21	21	5	40.5564602
22	22	5	39.2594602
23	23	5	39.1697935
24	24	5	35.1174602
25	25	5	37.8257935
26	26	5	32.8937935
27	27	5	26.5727935
28	28	5	24.3716268
29	29	5	42.8447935
30	30	5	44.9821268
31	31	5	23.6221268
32	32	5	28.5391268
33	33	5	46.5727935
34	34	5	28.3877935
35	35	5	28.9324602
36	36	5	37.2674602
37	37	5	28.8881268
38	38	5	39.7484602
39	39	5	23.6511268
40	40	5	31.7751268
41	41	5	32.2279602
42	42	5	38.7224602
43	43	5	42.9474602
44	44	5	34.3712935
45	45	5	38.0274602
46	46	5	33.2947935
47	47	5	31.4227935
48	48	5	43.8481268
49	49	5	34.8727935
50	50	5	31.4661268
51	51	5	30.8867935
52	52	5	38.4744602
53	53	5	39.1487935
54	54	5	36.3032935
55	55	5	41.6164602
56	56	5	30.2061268
57	57	5	27.1907935
58	58	5	34.6971268
59	59	5	29.7754602
60	60	5	34.2824602
61	61	5	27.9187935
62	62	5	31.0864602
63	63	5	29.8456268
64	64	5	42.7917935
65	65	5	44.6917935
66	66	5	40.7511268
67	67	5	24.0096268
68	68	5	24.0331268
69	69	5	41.7607935
70	70	5	41.4337935
71	71	5	31.0307935
72	72	5	29.5994602
73	73	5	33.7667935
74	74	5	49.9427935
75	75	5	37.5821268
76	76	5	29.4941268
77	77	5	41.7327935
78	78	5	25.0904602
79	79	5	27.6337935
80	80	5	29.7147935
81	81	5	41.2717935
82	82	5	29.0634602
83	83	5	40.5594602
84	84	5	32.7257935
85	85	5	26.1241268
86	86	5	29.5961268
87	87	5	35.7504602
88	88	5	26.7411268
89	89	5	26.3691268
1	1	6	52.2941235
2	2	6	33.8674568
3	3	6	32.5104568
4	4	6	31.3697902
5	5	6	30.1011235
6	6	6	41.0631235
7	7	6	30.3554568
8	8	6	37.1711235
9	9	6	46.1442902
10	10	6	37.5121235
11	11	6	38.2394568
12	12	6	48.2771235
13	13	6	36.3051235
14	14	6	47.9797902
15	15	6	29.7686235
16	16	6	38.3697902
17	17	6	55.1194568
18	18	6	28.2617902
19	19	6	28.8001235
20	20	6	41.2134568
21	21	6	51.0317902
22	22	6	47.5449568
23	23	6	47.1454568
24	24	6	44.7331235
25	25	6	46.7082902
26	26	6	41.9277902
27	27	6	34.7002902
28	28	6	31.2096235
29	29	6	52.7514568
30	30	6	57.2807902
31	31	6	28.8481235
32	32	6	34.4401235
33	33	6	57.6611235
34	34	6	36.4921235
35	35	6	35.9694568
36	36	6	44.9792902
37	37	6	36.9554568
38	38	6	48.0094568
39	39	6	27.9177902
40	40	6	40.6936235
41	41	6	41.2402902
42	42	6	47.1961235
43	43	6	53.9671235
44	44	6	41.0797902
45	45	6	48.2157902
46	46	6	39.9021235
47	47	6	39.5334568
48	48	6	54.0226235
49	49	6	42.3934568
50	50	6	41.2867902
51	51	6	38.4674568
52	52	6	50.0381235
53	53	6	48.4114568
54	54	6	44.3054568
55	55	6	55.0827902
56	56	6	36.3997902
57	57	6	33.1584568
58	58	6	44.0481235
59	59	6	36.5101235
60	60	6	41.5641235
61	61	6	33.5767902
62	62	6	37.7684568
63	63	6	38.4967902
64	64	6	54.5261235
65	65	6	57.9647902
66	66	6	51.1724568
67	67	6	31.9067902
68	68	6	30.7411235
69	69	6	54.0511235
70	70	6	52.2684568
71	71	6	36.5127902
72	72	6	37.2847902
73	73	6	41.4511235
74	74	6	60.6161235
75	75	6	48.8812902
76	76	6	35.8161235
77	77	6	52.4401235
78	78	6	31.5261235
79	79	6	34.7069568
80	80	6	37.8301235
81	81	6	47.9394568
82	82	6	34.5151235
83	83	6	55.6004568
84	84	6	40.4844568
85	85	6	34.5051235
86	86	6	36.8177902
87	87	6	46.3517902
88	88	6	34.0194568
89	89	6	31.7421235
1	1	7	62.298537
2	2	7	45.0208703
3	3	7	40.005537
4	4	7	38.0802036
5	5	7	37.682537
6	6	7	50.5602036
7	7	7	37.2433703
8	8	7	47.1588703
9	9	7	59.5097036
10	10	7	46.7688703
11	11	7	47.391537
12	12	7	63.5852036
13	13	7	45.7608703
14	14	7	59.4122036
15	15	7	38.455037
16	16	7	48.2702036
17	17	7	63.5778703
18	18	7	35.5262036
19	19	7	37.5252036
20	20	7	53.2912036
21	21	7	61.851537
22	22	7	59.164537
23	23	7	57.6762036
24	24	7	52.1752036
25	25	7	59.3383703
26	26	7	49.790537
27	27	7	44.280037
28	28	7	40.378037
29	29	7	69.137037
30	30	7	75.357537
31	31	7	36.1168703
32	32	7	42.520537
33	33	7	72.505537
34	34	7	47.5042036
35	35	7	45.8382036
36	36	7	54.425037
37	37	7	46.0643703
38	38	7	58.470537
39	39	7	34.1008703
40	40	7	48.2602036
41	41	7	52.9868703
42	42	7	55.2742036
43	43	7	64.1018703
44	44	7	49.3143703
45	45	7	63.4412036
46	46	7	48.0522036
47	47	7	49.1178703
48	48	7	66.4163703
49	49	7	50.3417036
50	50	7	49.330537
51	51	7	48.5588703
52	52	7	63.6388703
53	53	7	60.6332036
54	54	7	54.679037
55	55	7	65.8332036
56	56	7	46.3492036
57	57	7	37.168537
58	58	7	51.170537
59	59	7	44.324537
60	60	7	51.403537
61	61	7	40.6918703
62	62	7	45.4812036
63	63	7	49.9068703
64	64	7	65.303537
65	65	7	68.6278703
66	66	7	60.7442036
67	67	7	39.0807036
68	68	7	37.470537
69	69	7	62.0342036
70	70	7	63.730537
71	71	7	44.5088703
72	72	7	45.703537
73	73	7	52.5948703
74	74	7	71.183537
75	75	7	60.0278703
76	76	7	42.579537
77	77	7	64.484537
78	78	7	37.905537
79	79	7	46.4882036
80	80	7	46.6182036
81	81	7	58.005037
82	82	7	43.2938703
83	83	7	71.306537
84	84	7	51.2498703
85	85	7	41.2622036
86	86	7	44.1662036
87	87	7	53.658537
88	88	7	40.8003703
89	89	7	39.2892036
1	1	8	72.0590186
2	2	8	60.1323519
3	3	8	53.5343519
4	4	8	48.3510186
5	5	8	48.9443519
6	6	8	66.3093519
7	7	8	43.5606853
8	8	8	58.8901853
9	9	8	71.0325186
10	10	8	60.9680186
11	11	8	58.6466853
12	12	8	78.4346853
13	13	8	57.2246853
14	14	8	75.0963519
15	15	8	47.1078519
16	16	8	62.9383519
17	17	8	80.1286853
18	18	8	44.7350186
19	19	8	48.2343519
20	20	8	65.8320186
21	21	8	80.6486853
22	22	8	76.4265186
23	23	8	75.8953519
24	24	8	65.4055186
25	25	8	78.1905186
26	26	8	64.6693519
27	27	8	53.7385186
28	28	8	49.6056853
29	29	8	91.3945186
30	30	8	96.4150186
31	31	8	46.0240186
32	32	8	56.2280186
33	33	8	91.4600186
34	34	8	60.7300186
35	35	8	59.6303519
36	36	8	73.3460186
37	37	8	55.8875186
38	38	8	74.6180186
39	39	8	45.9253519
40	40	8	62.1976853
41	41	8	65.6801853
42	42	8	69.3190186
43	43	8	85.8873519
44	44	8	63.4953519
45	45	8	80.2553519
46	46	8	62.8875186
47	47	8	59.3240186
48	48	8	82.5755186
49	49	8	65.2843519
50	50	8	62.7670186
51	51	8	64.3413519
52	52	8	81.3763519
53	53	8	78.8280186
54	54	8	73.6458519
55	55	8	78.4446853
56	56	8	56.3990186
57	57	8	44.7680186
58	58	8	64.5640186
59	59	8	56.2723519
60	60	8	69.7223519
61	61	8	53.2546853
62	62	8	55.8240186
63	63	8	62.8355186
64	64	8	88.7626853
65	65	8	87.2556853
66	66	8	67.7896853
67	67	8	50.6605186
68	68	8	47.6110186
69	69	8	74.8610186
70	70	8	81.4976853
71	71	8	57.2860186
72	72	8	58.9506853
73	73	8	65.1576853
74	74	8	87.8600186
75	75	8	78.4695186
76	76	8	54.3390186
77	77	8	80.0676853
78	78	8	49.1313519
79	79	8	57.2843519
80	80	8	58.9823519
81	81	8	73.3781853
82	82	8	58.5145186
83	83	8	87.9246853
84	84	8	65.2970186
85	85	8	51.5380186
86	86	8	54.4568519
87	87	8	66.0840186
88	88	8	52.5313519
89	89	8	50.4156853
1	1	9	87.5956428
2	2	9	75.9193095
3	3	9	66.9073095
4	4	9	61.4486428
5	5	9	59.4279762
6	6	9	82.3899762
7	7	9	53.1763095
8	8	9	71.4376428
9	9	9	86.3523095
10	10	9	72.3923095
11	11	9	72.9963095
12	12	9	89.3541428
13	13	9	65.6299762
14	14	9	88.6749762
15	15	9	54.0349762
16	16	9	78.4046428
17	17	9	89.5149762
18	18	9	54.6953095
19	19	9	58.7943095
20	20	9	77.7686428
21	21	9	91.3403095
22	22	9	91.9594762
23	23	9	91.0313095
24	24	9	79.3233095
25	25	9	91.0893095
26	26	9	82.5393095
27	27	9	63.9329762
28	28	9	61.4876428
29	29	9	107.9624762
30	30	9	112.2043095
31	31	9	54.0489762
32	32	9	69.3583095
33	33	9	109.1763095
34	34	9	70.9319762
35	35	9	69.8576428
36	36	9	86.2758095
37	37	9	64.3371428
38	38	9	84.9186428
39	39	9	55.9946428
40	40	9	74.2091428
41	41	9	78.1059762
42	42	9	85.0986428
43	43	9	105.3219762
44	44	9	78.6319762
45	45	9	92.0833095
46	46	9	76.5184762
47	47	9	72.1123095
48	48	9	101.1843095
49	49	9	78.3193095
50	50	9	76.3203095
51	51	9	76.1596428
52	52	9	97.6793095
53	53	9	92.9023095
54	54	9	85.0688095
55	55	9	93.4583095
56	56	9	65.6359762
57	57	9	55.5793095
58	58	9	77.4709762
59	59	9	67.7436428
60	60	9	85.1359762
61	61	9	64.6309762
62	62	9	69.6231428
63	63	9	73.7314762
64	64	9	106.3929762
65	65	9	112.1029762
66	66	9	86.0149762
67	67	9	61.4696428
68	68	9	58.6143095
69	69	9	84.7686428
70	70	9	99.5636428
71	71	9	69.9159762
72	72	9	75.0993095
73	73	9	78.5029762
74	74	9	106.8379762
75	75	9	92.0043095
76	76	9	66.8913095
77	77	9	99.9649762
78	78	9	58.8639762
79	79	9	67.9174762
80	80	9	73.3946428
81	81	9	87.4733095
82	82	9	70.5751428
83	83	9	98.4206428
84	84	9	79.3716428
85	85	9	62.6476428
86	86	9	67.8653095
87	87	9	75.7199762
88	88	9	64.2274762
89	89	9	62.4459762
1	1	10	106.1290539
2	2	10	87.4210539
3	3	10	80.3787206
4	4	10	74.2570539
5	5	10	70.7050539
6	6	10	96.2977206
7	7	10	62.4247206
8	8	10	92.0040539
9	9	10	100.8092206
10	10	10	86.7643872
11	11	10	90.2880539
12	12	10	109.3832206
13	13	10	76.3713872
14	14	10	104.7420539
15	15	10	62.8553872
16	16	10	96.7033872
17	17	10	99.5657206
18	18	10	64.4910539
19	19	10	68.7920539
20	20	10	96.8037206
21	21	10	109.6360539
22	22	10	106.9592206
23	23	10	106.3250539
24	24	10	95.9135539
25	25	10	109.6452206
26	26	10	96.8897206
27	27	10	79.1673872
28	28	10	78.2652206
29	29	10	123.5943872
30	30	10	134.4683872
31	31	10	64.3270539
32	32	10	80.0933872
33	33	10	133.1837206
34	34	10	85.5473872
35	35	10	81.3953872
36	36	10	98.5035539
37	37	10	78.8632206
38	38	10	100.6530539
39	39	10	66.9527206
40	40	10	87.6095539
41	41	10	94.9277206
42	42	10	100.5293872
43	43	10	127.5567206
44	44	10	91.7628872
45	45	10	108.1530539
46	46	10	90.1640539
47	47	10	84.2440539
48	48	10	122.2997206
49	49	10	96.5295539
50	50	10	92.7153872
51	51	10	90.3740539
52	52	10	117.2187206
53	53	10	111.9050539
54	54	10	99.9202206
55	55	10	111.7953872
56	56	10	74.6323872
57	57	10	64.9277206
58	58	10	94.0287206
59	59	10	78.5207206
60	60	10	100.6537206
61	61	10	77.5433872
62	62	10	80.2628872
63	63	10	91.5233872
64	64	10	128.1623872
65	65	10	126.6817206
66	66	10	103.5080539
67	67	10	74.4263872
68	68	10	70.4143872
69	69	10	99.0887206
70	70	10	116.9560539
71	71	10	83.4220539
72	72	10	83.0223872
73	73	10	96.1217206
74	74	10	127.0573872
75	75	10	101.4707206
76	76	10	76.7250539
77	77	10	123.9463872
78	78	10	67.4390539
79	79	10	79.4732206
80	80	10	86.0273872
81	81	10	99.1330539
82	82	10	81.7477206
83	83	10	120.2850539
84	84	10	91.6530539
85	85	10	77.6653872
86	86	10	84.1643872
87	87	10	88.2970539
88	88	10	78.5572206
89	89	10	72.8443872
1	1	11	117.4691836
2	2	11	104.1998503
3	3	11	90.5541836
4	4	11	87.6691836
5	5	11	80.4721836
6	6	11	110.3621836
7	7	11	70.4016836
8	8	11	107.8158503
9	9	11	116.5681836
10	10	11	103.7318503
11	11	11	106.1285169
12	12	11	136.0895169
13	13	11	91.3171836
14	14	11	117.7745169
15	15	11	77.2903503
16	16	11	111.7355169
17	17	11	111.1491836
18	18	11	76.0345169
19	19	11	83.0811836
20	20	11	118.8618503
21	21	11	127.6591836
22	22	11	122.0495169
23	23	11	121.8008503
24	24	11	106.2278503
25	25	11	126.0271836
26	26	11	112.8958503
27	27	11	92.9108503
28	28	11	92.2925169
29	29	11	142.6198503
30	30	11	164.8561836
31	31	11	75.8828503
32	32	11	94.3468503
33	33	11	156.1195169
34	34	11	101.5888503
35	35	11	102.2315169
36	36	11	117.3108503
37	37	11	93.1355169
38	38	11	120.3845169
39	39	11	77.4491836
40	40	11	102.1346836
41	41	11	113.7431836
42	42	11	119.8391836
43	43	11	144.5651836
44	44	11	105.3571836
45	45	11	126.3445169
46	46	11	104.2550169
47	47	11	100.4651836
48	48	11	144.4516836
49	49	11	114.5958503
50	50	11	108.0125169
51	51	11	110.6355169
52	52	11	140.1281836
53	53	11	141.0401836
54	54	11	119.2433503
55	55	11	133.8635169
56	56	11	90.1261836
57	57	11	74.9181836
58	58	11	109.7028503
59	59	11	89.2515169
60	60	11	120.3165169
61	61	11	90.6628503
62	62	11	95.2371836
63	63	11	111.8945169
64	64	11	146.6791836
65	65	11	150.5928503
66	66	11	124.3078503
67	67	11	90.9063503
68	68	11	83.1778503
69	69	11	122.0435169
70	70	11	139.0645169
71	71	11	99.7355169
72	72	11	98.7061836
73	73	11	112.1051836
74	74	11	148.7471836
75	75	11	131.5606836
76	76	11	90.3601836
77	77	11	139.9358503
78	78	11	79.7948503
79	79	11	93.4971836
80	80	11	101.7588503
81	81	11	117.2431836
82	82	11	97.4740169
83	83	11	151.4045169
84	84	11	106.3251836
85	85	11	89.0665169
86	86	11	97.0205169
87	87	11	103.7048503
88	88	11	91.4488503
89	89	11	85.8371836
1	1	12	134.5168913
2	2	12	126.5292246
3	3	12	104.8762246
4	4	12	99.8702246
5	5	12	96.5898913
6	6	12	128.5422246
7	7	12	80.8100579
8	8	12	123.6743913
9	9	12	136.4188913
10	10	12	123.7248913
11	11	12	121.9505579
12	12	12	161.0633913
13	13	12	105.7842246
14	14	12	141.4898913
15	15	12	92.0017246
16	16	12	133.6372246
17	17	12	129.1878913
18	18	12	86.5065579
19	19	12	96.5615579
20	20	12	141.2768913
21	21	12	145.9382246
22	22	12	147.1718913
23	23	12	150.2265579
24	24	12	124.2523913
25	25	12	142.8515579
26	26	12	133.2822246
27	27	12	106.5797246
28	28	12	105.6327246
29	29	12	175.1913913
30	30	12	196.0855579
31	31	12	90.6715579
32	32	12	111.5308913
33	33	12	183.0362246
34	34	12	119.4822246
35	35	12	117.5698913
36	36	12	138.8890579
37	37	12	106.6710579
38	38	12	141.9618913
39	39	12	92.9238913
40	40	12	123.6802246
41	41	12	132.8203913
42	42	12	143.5465579
43	43	12	174.6045579
44	44	12	125.9442246
45	45	12	146.4958913
46	46	12	119.5818913
47	47	12	111.8838913
48	48	12	167.4458913
49	49	12	136.1063913
50	50	12	131.5325579
51	51	12	128.9942246
52	52	12	169.1458913
53	53	12	165.0085579
54	54	12	142.4913913
55	55	12	151.5152246
56	56	12	106.7102246
57	57	12	89.0858913
58	58	12	130.3148913
59	59	12	106.1408913
60	60	12	139.8108913
61	61	12	106.8815579
62	62	12	113.1412246
63	63	12	126.1912246
64	64	12	173.6972246
65	65	12	164.8005579
66	66	12	150.4512246
67	67	12	103.2248913
68	68	12	97.3298913
69	69	12	139.5868913
70	70	12	167.3172246
71	71	12	118.3915579
72	72	12	117.6195579
73	73	12	131.3695579
74	74	12	166.4055579
75	75	12	159.0540579
76	76	12	105.9688913
77	77	12	162.7535579
78	78	12	93.0187246
79	79	12	109.5088913
80	80	12	119.5268913
81	81	12	129.0292246
82	82	12	119.9818913
83	83	12	171.7245579
84	84	12	128.3968913
85	85	12	104.2248913
86	86	12	111.4233913
87	87	12	121.2962246
88	88	12	107.9692246
89	89	12	104.1158913
1	1	13	160.6959156
2	2	13	144.6035823
3	3	13	122.1212489
4	4	13	115.7879156
5	5	13	113.9945823
6	6	13	149.4452489
7	7	13	92.6420823
8	8	13	147.8949156
9	9	13	163.2177489
10	10	13	143.4615823
11	11	13	147.5612489
12	12	13	187.5774156
13	13	13	126.9495823
14	14	13	166.8329156
15	15	13	104.0812489
16	16	13	160.7305823
17	17	13	143.7912489
18	18	13	101.0962489
19	19	13	113.9309156
20	20	13	158.5079156
21	21	13	165.1872489
22	22	13	172.1184156
23	23	13	177.4222489
24	24	13	148.9615823
25	25	13	167.7244156
26	26	13	158.8112489
27	27	13	125.0212489
28	28	13	124.8337489
29	29	13	202.6745823
30	30	13	226.6025823
31	31	13	103.5525823
32	32	13	127.7972489
33	33	13	207.9499156
34	34	13	135.9429156
35	35	13	138.3525823
36	36	13	162.5457489
37	37	13	115.9724156
38	38	13	163.0275823
39	39	13	108.0295823
40	40	13	144.0835823
41	41	13	154.8874156
42	42	13	172.0812489
43	43	13	205.8819156
44	44	13	149.9245823
45	45	13	161.0659156
46	46	13	139.4147489
47	47	13	133.7065823
48	48	13	197.7847489
49	49	13	156.9737489
50	50	13	152.6642489
51	51	13	145.1732489
52	52	13	190.0622489
53	53	13	197.0929156
54	54	13	167.5935823
55	55	13	173.7999156
56	56	13	121.2025823
57	57	13	105.8642489
58	58	13	153.9042489
59	59	13	124.6242489
60	60	13	152.7332489
61	61	13	124.6949156
62	62	13	130.7859156
63	63	13	145.4194156
64	64	13	206.8729156
65	65	13	187.8505823
66	66	13	181.2425823
67	67	13	120.9305823
68	68	13	111.9369156
69	69	13	166.2162489
70	70	13	196.1322489
71	71	13	135.4812489
72	72	13	141.3892489
73	73	13	154.8289156
74	74	13	195.7442489
75	75	13	182.3497489
76	76	13	122.4822489
77	77	13	194.0565823
78	78	13	109.1295823
79	79	13	131.5817489
80	80	13	142.0752489
81	81	13	143.0659156
82	82	13	142.3130823
83	83	13	178.8902489
84	84	13	153.4029156
85	85	13	124.7342489
86	86	13	129.4789156
87	87	13	139.7212489
88	88	13	128.4542489
89	89	13	117.4482489
1	1	14	188.155257
2	2	14	159.5645904
3	3	14	141.2859237
4	4	14	132.4885904
5	5	14	134.168257
6	6	14	176.0269237
7	7	14	106.7969237
8	8	14	178.124257
9	9	14	190.5179237
10	10	14	166.1315904
11	11	14	179.2925904
12	12	14	221.0865904
13	13	14	148.860257
14	14	14	193.1785904
15	15	14	117.6294237
16	16	14	187.4169237
17	17	14	167.8055904
18	18	14	120.2199237
19	19	14	132.6739237
20	20	14	188.112257
21	21	14	193.3909237
22	22	14	199.591757
23	23	14	200.889257
24	24	14	177.627257
25	25	14	197.9125904
26	26	14	185.6489237
27	27	14	150.0839237
28	28	14	147.9310904
29	29	14	236.7340904
30	30	14	264.806257
31	31	14	119.3425904
32	32	14	148.781257
33	33	14	252.8595904
34	34	14	157.7179237
35	35	14	161.8249237
36	36	14	192.2299237
37	37	14	139.2550904
38	38	14	194.1729237
39	39	14	121.1235904
40	40	14	167.552757
41	41	14	184.3204237
42	42	14	199.0339237
43	43	14	231.1425904
44	44	14	175.6769237
45	45	14	180.865257
46	46	14	164.6359237
47	47	14	155.3725904
48	48	14	232.4224237
49	49	14	183.1524237
50	50	14	182.9985904
51	51	14	163.019257
52	52	14	210.057257
53	53	14	229.603257
54	54	14	189.721257
55	55	14	205.7755904
56	56	14	140.6329237
57	57	14	122.060257
58	58	14	175.6689237
59	59	14	139.0139237
60	60	14	177.450257
61	61	14	143.2565904
62	62	14	155.680757
63	63	14	172.2765904
64	64	14	238.0229237
65	65	14	228.900257
66	66	14	208.4115904
67	67	14	144.499257
68	68	14	131.6469237
69	69	14	201.3619237
70	70	14	226.3445904
71	71	14	161.346257
72	72	14	159.1595904
73	73	14	180.4559237
74	74	14	230.740257
75	75	14	212.636257
76	76	14	139.9595904
77	77	14	223.064257
78	78	14	127.6769237
79	79	14	153.068257
80	80	14	164.4065904
81	81	14	170.1449237
82	82	14	163.513757
83	83	14	200.8599237
84	84	14	182.7575904
85	85	14	142.6909237
86	86	14	152.8600904
87	87	14	166.1489237
88	88	14	148.6579237
89	89	14	131.457257
1	1	15	216.752217
2	2	15	194.4498836
3	3	15	166.4948836
4	4	15	157.729217
5	5	15	154.1428836
6	6	15	206.611217
7	7	15	128.5670503
8	8	15	213.1073836
9	9	15	225.5868836
10	10	15	197.5028836
11	11	15	208.7348836
12	12	15	264.3103836
13	13	15	173.219217
14	14	15	230.0415503
15	15	15	143.1558836
16	16	15	215.4425503
17	17	15	205.5028836
18	18	15	139.6645503
19	19	15	156.1458836
20	20	15	232.8688836
21	21	15	223.928217
22	22	15	229.846717
23	23	15	230.4635503
24	24	15	205.534217
25	25	15	222.9613836
26	26	15	215.436217
27	27	15	175.2393836
28	28	15	175.149717
29	29	15	287.8468836
30	30	15	317.1795503
31	31	15	139.033217
32	32	15	171.931217
33	33	15	296.9628836
34	34	15	185.3318836
35	35	15	190.6128836
36	36	15	226.843717
37	37	15	167.2855503
38	38	15	232.9058836
39	39	15	140.3825503
40	40	15	195.971217
41	41	15	215.0943836
42	42	15	228.9978836
43	43	15	262.717217
44	44	15	210.107217
45	45	15	201.1618836
46	46	15	192.8230503
47	47	15	187.7245503
48	48	15	266.5108836
49	49	15	215.3833836
50	50	15	206.304217
51	51	15	194.957217
52	52	15	256.2578836
53	53	15	273.6985503
54	54	15	229.6395503
55	55	15	243.750217
56	56	15	167.8168836
57	57	15	143.5498836
58	58	15	203.575217
59	59	15	160.1755503
60	60	15	211.1798836
61	61	15	169.0268836
62	62	15	180.4725503
63	63	15	208.7920503
64	64	15	278.2025503
65	65	15	270.5798836
66	66	15	241.815217
67	67	15	175.3910503
68	68	15	158.5245503
69	69	15	232.8608836
70	70	15	256.700217
71	71	15	183.7638836
72	72	15	184.019217
73	73	15	211.2898836
74	74	15	273.0438836
75	75	15	244.198217
76	76	15	162.383217
77	77	15	256.5915503
78	78	15	141.421717
79	79	15	177.2080503
80	80	15	192.862217
81	81	15	205.956217
82	82	15	186.7620503
83	83	15	235.9888836
84	84	15	204.012217
85	85	15	167.049217
86	86	15	186.6225503
87	87	15	186.6925503
88	88	15	174.0145503
89	89	15	151.1488836
1	1	16	235.3586214
2	2	16	233.160288
3	3	16	188.5439547
4	4	16	184.4799547
5	5	16	175.0379547
6	6	16	225.3236214
7	7	16	141.7991214
8	8	16	233.4061214
9	9	16	252.7749547
10	10	16	224.9226214
11	11	16	230.0649547
12	12	16	301.3666214
13	13	16	188.2516214
14	14	16	254.514288
15	15	16	163.6824547
16	16	16	242.522288
17	17	16	218.9729547
18	18	16	152.6016214
19	19	16	172.9496214
20	20	16	267.3036214
21	21	16	248.231288
22	22	16	267.0674547
23	23	16	264.0226214
24	24	16	225.7601214
25	25	16	246.8531214
26	26	16	241.5506214
27	27	16	196.9209547
28	28	16	191.2029547
29	29	16	328.3631214
30	30	16	360.6586214
31	31	16	157.6889547
32	32	16	192.959288
33	33	16	327.5529547
34	34	16	215.3169547
35	35	16	213.3359547
36	36	16	257.1974547
37	37	16	174.1691214
38	38	16	264.2529547
39	39	16	162.5406214
40	40	16	217.2089547
41	41	16	233.4371214
42	42	16	265.7889547
43	43	16	280.308288
44	44	16	240.514288
45	45	16	226.7886214
46	46	16	213.2436214
47	47	16	199.689288
48	48	16	302.9384547
49	49	16	237.4629547
50	50	16	226.4709547
51	51	16	219.1486214
52	52	16	283.6006214
53	53	16	305.664288
54	54	16	260.5769547
55	55	16	270.854288
56	56	16	191.7746214
57	57	16	154.6426214
58	58	16	230.6869547
59	59	16	175.918288
60	60	16	237.1269547
61	61	16	190.5386214
62	62	16	202.1739547
63	63	16	228.8384547
64	64	16	306.7036214
65	65	16	294.9806214
66	66	16	274.0286214
67	67	16	189.4116214
68	68	16	172.9849547
69	69	16	261.1116214
70	70	16	291.496288
71	71	16	205.1389547
72	72	16	206.165288
73	73	16	233.5506214
74	74	16	300.3496214
75	75	16	261.5646214
76	76	16	181.967288
77	77	16	278.8309547
78	78	16	150.0129547
79	79	16	204.2376214
80	80	16	209.2656214
81	81	16	231.5064547
82	82	16	208.054788
83	83	16	264.3886214
84	84	16	227.6266214
85	85	16	188.9619547
86	86	16	202.6366214
87	87	16	207.063288
88	88	16	195.454288
89	89	16	170.6559547
1	1	17	265.8015565
2	2	17	271.7842232
3	3	17	215.1372232
4	4	17	213.8428898
5	5	17	204.0302232
6	6	17	254.7172232
7	7	17	158.8708898
8	8	17	274.1547232
9	9	17	282.9753898
10	10	17	260.7632232
11	11	17	271.8278898
12	12	17	350.5768898
13	13	17	209.5408898
14	14	17	283.4338898
15	15	17	184.1733898
16	16	17	281.8122232
17	17	17	252.4738898
18	18	17	172.3065565
19	19	17	198.8432232
20	20	17	297.5658898
21	21	17	282.7898898
22	22	17	316.3440565
23	23	17	313.4375565
24	24	17	260.6767232
25	25	17	288.7400565
26	26	17	283.7945565
27	27	17	224.8768898
28	28	17	224.3178898
29	29	17	374.5100565
30	30	17	412.9092232
31	31	17	183.2435565
32	32	17	228.7428898
33	33	17	372.8508898
34	34	17	249.7958898
35	35	17	245.8722232
36	36	17	296.3000565
37	37	17	200.7042232
38	38	17	301.4482232
39	39	17	186.0595565
40	40	17	248.1052232
41	41	17	278.8068898
42	42	17	294.5738898
43	43	17	322.7425565
44	44	17	281.9682232
45	45	17	266.2312232
46	46	17	244.7048898
47	47	17	233.2055565
48	48	17	354.4092232
49	49	17	271.2747232
50	50	17	271.4852232
51	51	17	247.7945565
52	52	17	311.4748898
53	53	17	348.9258898
54	54	17	296.0257232
55	55	17	306.3378898
56	56	17	212.8452232
57	57	17	164.7828898
58	58	17	261.7588898
59	59	17	204.4272232
60	60	17	281.0162232
61	61	17	222.7002232
62	62	17	233.2145565
63	63	17	260.4090565
64	64	17	365.9112232
65	65	17	336.1708898
66	66	17	317.7848898
67	67	17	221.7490565
68	68	17	200.4232232
69	69	17	305.0848898
70	70	17	343.6702232
71	71	17	240.7112232
72	72	17	249.6375565
73	73	17	273.0872232
74	74	17	342.0422232
75	75	17	296.1192232
76	76	17	212.3092232
77	77	17	312.5972232
78	78	17	180.6490565
79	79	17	238.1620565
80	80	17	243.3095565
81	81	17	251.9750565
82	82	17	242.3052232
83	83	17	302.4852232
84	84	17	255.6962232
85	85	17	222.9635565
86	86	17	226.0132232
87	87	17	245.0068898
88	88	17	227.3405565
89	89	17	202.0462232
1	1	18	298.4623234
2	2	18	305.1596567
3	3	18	256.41599
4	4	18	242.0546567
5	5	18	238.23999
6	6	18	295.07099
7	7	18	178.9991567
8	8	18	326.52899
9	9	18	329.8333234
10	10	18	296.92599
11	11	18	321.31899
12	12	18	403.5728234
13	13	18	242.7353234
14	14	18	325.5146567
15	15	18	211.81849
16	16	18	323.51899
17	17	18	289.3053234
18	18	18	204.5123234
19	19	18	226.9256567
20	20	18	338.5283234
21	21	18	318.44899
22	22	18	368.2881567
23	23	18	367.5076567
24	24	18	306.44749
25	25	18	335.4246567
26	26	18	341.3416567
27	27	18	266.6023234
28	28	18	269.7451567
29	29	18	422.74599
30	30	18	470.89399
31	31	18	210.7516567
32	32	18	266.5413234
33	33	18	430.8973234
34	34	18	283.8966567
35	35	18	274.3813234
36	36	18	338.44949
37	37	18	228.4741567
38	38	18	350.2896567
39	39	18	209.64499
40	40	18	278.3286567
41	41	18	327.33599
42	42	18	342.0533234
43	43	18	368.8056567
44	44	18	317.03799
45	45	18	301.97699
46	46	18	282.72849
47	47	18	252.0523234
48	48	18	408.82849
49	49	18	304.6276567
50	50	18	311.67799
51	51	18	285.36399
52	52	18	360.2283234
53	53	18	409.0113234
54	54	18	327.8258234
55	55	18	342.2583234
56	56	18	241.8346567
57	57	18	189.0463234
58	58	18	299.6486567
59	59	18	237.41599
60	60	18	309.66799
61	61	18	247.9573234
62	62	18	271.3803234
63	63	18	305.2431567
64	64	18	425.4173234
65	65	18	389.3373234
66	66	18	363.9416567
67	67	18	257.50549
68	68	18	233.93199
69	69	18	355.63299
70	70	18	398.6356567
71	71	18	272.0706567
72	72	18	292.9996567
73	73	18	313.2596567
74	74	18	387.3773234
75	75	18	334.0508234
76	76	18	246.2156567
77	77	18	352.8766567
78	78	18	206.1291567
79	79	18	272.0441567
80	80	18	278.4286567
81	81	18	281.14149
82	82	18	281.7271567
83	83	18	343.9666567
84	84	18	290.1126567
85	85	18	256.0753234
86	86	18	266.6781567
87	87	18	280.6703234
88	88	18	263.4001567
89	89	18	226.72199
1	1	19	338.3994998
2	2	19	336.7908331
3	3	19	280.9694998
4	4	19	269.9851664
5	5	19	273.6484998
6	6	19	329.0784998
7	7	19	200.9903331
8	8	19	363.3273331
9	9	19	377.6886664
10	10	19	332.8168331
11	11	19	361.2361664
12	12	19	450.5094998
13	13	19	274.2684998
14	14	19	362.8811664
15	15	19	239.2198331
16	16	19	352.2444998
17	17	19	325.1961664
18	18	19	227.9238331
19	19	19	260.9218331
20	20	19	382.0848331
21	21	19	353.7791664
22	22	19	407.5869998
23	23	19	397.1838331
24	24	19	344.9563331
25	25	19	373.6998331
26	26	19	392.5671664
27	27	19	304.6591664
28	28	19	303.6258331
29	29	19	485.8631664
30	30	19	537.6148331
31	31	19	235.7488331
32	32	19	297.7464998
33	33	19	486.9804998
34	34	19	320.2798331
35	35	19	309.6138331
36	36	19	382.3103331
37	37	19	252.5106664
38	38	19	391.7884998
39	39	19	237.0254998
40	40	19	302.9206664
41	41	19	366.8308331
42	42	19	379.5358331
43	43	19	407.0831664
44	44	19	360.2386664
45	45	19	335.1661664
46	46	19	315.2259998
47	47	19	273.7381664
48	48	19	457.4309998
49	49	19	329.7603331
50	50	19	345.3511664
51	51	19	319.8448331
52	52	19	403.1498331
53	53	19	465.8231664
54	54	19	365.7846664
55	55	19	389.1054998
56	56	19	278.1108331
57	57	19	210.5948331
58	58	19	345.0891664
59	59	19	259.3804998
60	60	19	340.3054998
61	61	19	268.7474998
62	62	19	301.6983331
63	63	19	348.9829998
64	64	19	473.4484998
65	65	19	436.9321664
66	66	19	382.3408331
67	67	19	290.7863331
68	68	19	260.6038331
69	69	19	408.3441664
70	70	19	439.5458331
71	71	19	303.6824998
72	72	19	316.2071664
73	73	19	344.3771664
74	74	19	431.7984998
75	75	19	379.7311664
76	76	19	268.5061664
77	77	19	393.7431664
78	78	19	223.1084998
79	79	19	302.3091664
80	80	19	311.4528331
81	81	19	315.9584998
82	82	19	310.7983331
83	83	19	392.9134998
84	84	19	317.0511664
85	85	19	291.7321664
86	86	19	309.6516664
87	87	19	300.5508331
88	88	19	297.7084998
89	89	19	247.1571664
1	1	20	374.8945618
2	2	20	387.9225618
3	3	20	316.6762284
4	4	20	311.8812284
5	5	20	304.6088951
6	6	20	369.8938951
7	7	20	229.5812284
8	8	20	398.9307284
9	9	20	426.3945618
10	10	20	377.2178951
11	11	20	402.5445618
12	12	20	510.6790618
13	13	20	302.4352284
14	14	20	411.1632284
15	15	20	271.5008951
16	16	20	390.1985618
17	17	20	362.5082284
18	18	20	252.6462284
19	19	20	285.9052284
20	20	20	433.1118951
21	21	20	394.3428951
22	22	20	446.2105618
23	23	20	446.5368951
24	24	20	384.4077284
25	25	20	426.7998951
26	26	20	443.6452284
27	27	20	333.9618951
28	28	20	337.6233951
29	29	20	557.0992284
30	30	20	602.5178951
31	31	20	259.0372284
32	32	20	332.0298951
33	33	20	564.4928951
34	34	20	360.4175618
35	35	20	348.1975618
36	36	20	430.2060618
37	37	20	276.7612284
38	38	20	437.4175618
39	39	20	266.9965618
40	40	20	337.0023951
41	41	20	411.1948951
42	42	20	437.8182284
43	43	20	459.4025618
44	44	20	412.2262284
45	45	20	384.8778951
46	46	20	348.8445618
47	47	20	301.9145618
48	48	20	509.3115618
49	49	20	359.1763951
50	50	20	380.3918951
51	51	20	358.7762284
52	52	20	465.2262284
53	53	20	511.4862284
54	54	20	409.4663951
55	55	20	447.5632284
56	56	20	309.6845618
57	57	20	232.0218951
58	58	20	386.8955618
59	59	20	287.8368951
60	60	20	371.3335618
61	61	20	302.7858951
62	62	20	335.9547284
63	63	20	390.2493951
64	64	20	518.9728951
65	65	20	496.7038951
66	66	20	431.0705618
67	67	20	317.3630618
68	68	20	284.5798951
69	69	20	452.8378951
70	70	20	496.5252284
71	71	20	338.8215618
72	72	20	357.0672284
73	73	20	382.1412284
74	74	20	482.8562284
75	75	20	430.8065618
76	76	20	303.4908951
77	77	20	439.9992284
78	78	20	245.0537284
79	79	20	349.7525618
80	80	20	349.4792284
81	81	20	345.5435618
82	82	20	361.3357284
83	83	20	438.8878951
84	84	20	359.2325618
85	85	20	328.7555618
86	86	20	342.0602284
87	87	20	330.5308951
88	88	20	339.4240618
89	89	20	279.9975618
